Data Source     : MODIS C6.1
Start Date      : 2021-07-21
End Date        : 2021-08-01


AREA OF INTEREST

15.56145 38.17818,
16.22063 38.96919,
15.47356 40.02388,
13.89153 40.85884,
11.51848 42.30904,
10.28801 43.89107,
9.49699 45.12154,
11.95793 46.17622,
13.23235 47.84615,
15.73723 48.02193,
20.35149 49.07661,
23.955 48.68111,
26.02043 47.23091,
28.43742 47.71431,
32.48039 47.89009,
33.22746 46.79146,
33.44719 46.26411,
32.04094 46.30806,
31.07414 46.74751,
30.45891 46.26411,
29.66789 45.42915,
29.66789 44.76997,
28.96477 44.76997,
28.52531 43.40767,
27.7343 43.45161,
27.91008 42.83638,
27.38274 42.39693,
26.81145 41.56197,
26.24016 41.38618,
26.24016 40.72701,
24.96574 41.03462,
24.65813 40.46333,
24.26262 40.90279,
23.64738 40.63911,
23.91106 40.11177,
22.85637 40.55122,
22.72453 39.93599,
22.94426 39.32076,
22.50481 38.92525,
23.51555 38.52974,
24.04289 37.82661,
23.0761 38.0024,
23.4716 37.21138,
22.68059 37.43111,
23.12004 36.37642,
22.63664 36.81587,
22.46086 36.24458,
22.06535 37.07954,
21.71379 36.59615,
21.6259 37.56294,
21.27434 37.95845,
21.27434 38.79341,
20.13176 39.3647,
20.04387 40.06783,
19.56047 40.37544,
19.56047 41.2104,
19.56047 42.00142,
18.37395 42.70454,
17.09953 43.23189,
16.08879 43.45161,
15.25383 44.0229,
14.46281 44.9897,
13.84758 44.63814,
13.58391 45.20943,
13.62785 45.91255,
13.05656 45.78072,
12.39738 45.38521,
12.57317 44.85786,
12.13371 44.5063,
12.66106 43.80318,
13.53996 43.53951,
13.97942 42.6606,
14.59465 42.22115,
15.12199 41.86958,
16.13274 41.91353,
15.91301 41.43013,
17.09953 41.03462,
18.37395 40.3315,
18.24211 39.80415,
17.05559 40.46333,
16.52824 39.93599,
17.05559 39.40865,
17.09953 38.83736,
16.52824 38.66158,
16.79192 38.13423,
16.22063 38.17818,
16.13274 37.65083,
15.56145 38.17818